24
5.26 1.98 6.72 3.05 9.45 0.67 8.90 7.48 4.12 5.55 3.77 2.85 0.43 8.66 7.35 2.09 9.75 5.59 4.62 6.84 1.54 2.18 8.37 0.79 3.98
9.11 0.80 1.02 5.89 3.92 7.21 6.59 9.62 0.95 8.73 2.76 4.16 1.68 7.24 3.05 6.77 0.28 5.34 9.80 2.97 8.08 4.05 1.59 7.61 5.93
3.44 8.31 2.61 0.88 6.47 4.84 9.76 1.53 8.12 7.19 5.21 3.84 0.09 2.27 4.15 6.39 7.60 2.30 1.45 5.63 8.52 3.79 0.04 9.37 6.15
2.90 4.01 13.35 9.07 1.89 7.84 0.60 5.76 8.66 4.70 2.43 7.56 3.26 6.01 9.49 1.10 5.21 2.83 8.99 0.16 7.45 1.96 4.86 6.18 5.78
6.05 8.04 2.95 33.81 1.47 5.57 0.21 9.31 7.72 4.27 1.15 6.66 3.39 2.16 5.34 0.33 8.26 1.98 7.87 4.22 9.67 2.44 5.89 0.51 6.83
0.45 3.91 18.53 5.70 2.22 6.72 9.50 1.23 3.98 8.19 4.83 0.74 5.31 7.55 2.00 6.60 1.94 9.16 8.39 0.07 3.88 4.36 5.82 2.86 6.30
5.95 9.05 2.70 1.66 7.80 0.13 4.71 6.04 8.61 5.46 2.78 3.11 9.33 1.86 7.17 4.19 0.60 8.11 6.87 3.82 5.48 22.29 1.74 9.92 0.88
4.92 0.12 3.02 8.23 6.45 1.75 5.50 2.87 7.66 3.16 9.02 0.39 6.38 4.82 8.76 1.61 7.29 5.26 0.44 9.09 3.67 2.95 8.57 1.02 4.41
2.58 1.83 0.24 9.93 7.90 4.67 5.19 3.22 6.94 8.04 1.77 0.17 9.83 6.15 2.89 5.71 3.41 8.20 4.96 7.55 0.90 2.41 6.12 1.29 3.36
1.28 5.04 9.99 2.10 3.77 7.26 0.25 8.72 4.73 6.88 5.90 1.67 9.35 2.47 7.84 0.98 3.29 5.64 8.48 4.31 1.54 0.19 9.12 6.73 3.04
8.85 0.92 5.72 2.92 6.26 4.15 3.18 1.39 7.32 9.14 0.56 2.75 8.18 5.91 4.20 3.56 1.63 6.78 2.09 0.44 9.23 7.15 8.37 5.87 0.09
3.32 7.98 1.46 5.82 6.99 2.38 4.11 8.34 0.99 5.25 9.52 3.85 7.41 0.05 1.71 6.56 8.03 4.89 2.93 0.79 5.73 3.45 1.16 6.67 9.60
2.01 4.58 8.55 7.36 1.80 3.97 5.33 0.72 9.10 6.49 2.86 8.07 3.84 7.63 1.12 5.12 4.18 9.24 0.61 6.31 8.67 2.94 1.98 3.70 5.77
7.76 5.32 4.05 8.92 2.90 6.89 0.45 1.54 9.61 3.02 5.58 4.72 7.99 2.18 6.27 0.19 8.80 3.78 1.34 5.91 7.22 4.14 2.81 0.63 9.66
0.98 3.68 4.95 1.60 9.44 5.66 8.13 7.01 2.82 0.29 4.76 6.54 3.90 9.02 5.81 8.88 1.45 7.78 2.40 6.39 0.77 3.30 5.18 9.99 4.04
7.50 2.32 5.66 3.74 9.81 0.73 4.86 8.12 5.49 1.65 6.84 2.44 9.19 3.60 8.06 0.45 7.92 1.12 5.41 4.75 2.36 3.77 9.88 0.58 8.24
6.09 1.76 4.94 7.34 0.84 5.99 2.41 9.22 8.70 3.55 6.23 1.09 4.67 0.14 5.77 9.14 2.84 8.37 1.51 7.81 0.26 6.19 3.60 5.12 4.88
3.76 9.45 2.04 1.67 8.18 4.66 0.73 6.32 5.22 3.12 7.98 2.95 9.99 4.89 1.58 5.21 0.88 16.40 8.64 3.43 7.15 2.87 1.99 9.76 0.55
4.14 8.51 2.70 6.25 5.39 1.40 3.11 7.89 0.57 4.77 8.26 9.65 1.12 5.83 6.78 2.90 0.30 3.92 4.18 9.02 5.64 7.72 1.83 8.15 2.47
2.40 7.66 0.75 9.81 4.92 1.27 8.39 3.83 5.12 6.64 2.22 0.40 9.73 8.82 1.02 7.91 5.31 4.58 0.80 2.75 3.67 6.55 8.04 1.41 9.44
3.82 2.93 5.61 0.45 7.14 9.20 1.77 4.11 8.54 3.38 0.10 6.16 1.85 9.14 5.06 2.48 4.86 7.83 3.94 6.42 8.71 2.22 0.25 1.68 9.80
4.70 3.62 7.45 5.66 2.05 9.36 1.16 8.15 0.90 6.22 2.38 5.32 4.18 3.79 1.84 9.58 7.78 2.69 0.40 3.27 6.88 8.57 5.22 1.77 9.02
1.98 3.66 5.94 2.40 8.41 0.72 6.53 4.17 7.86 3.85 5.81 1.48 9.49 8.20 2.02 0.14 4.05 7.56 6.69 1.36 9.14 8.99 3.62 5.45 2.99
3.32 7.98 1.46 5.82 6.99 2.38 4.11 8.34 0.99 5.25 9.52 3.85 7.41 0.05 1.71 6.56 8.03 4.89 2.93 0.79 5.73 3.45 1.16 6.67 9.60
2.01 4.58 8.55 7.36 1.80 3.97 5.33 0.72 9.10 6.49 2.86 8.07 3.84 7.63 1.12 5.12 4.18 9.24 0.61 6.31 8.67 2.94 1.98 3.70 5.77
